13798158;26015895;3092764704;
13798158;3092764704;3092764709;
13798158;3092764709;128587399;
13798158;128587399;128587401;
13798158;128587401;128587402;
13798158;128587402;128587405;
13798158;128587405;128587408;
13798158;128587408;128587410;
13798158;128587410;128587416;
13798158;128587416;128591046;
13798158;128591046;128591048;
13798158;128591048;128591050;
13798158;128591050;128591054;
13798089;128581932;2490198488;
13798089;2490198488;128581937;
13798089;128581937;128583030;
13798089;128583030;128583031;
13798291;128594093;128607704;
13798291;128607704;2354389947;
13798291;2354389947;2354389957;
13798291;2354389957;2354389960;
13798291;2354389960;2354389959;
13798291;2354389959;2354389951;
13798291;2354389951;128588858;
13798291;128588858;2354389954;
13798291;2354389954;2354389956;
13798291;2354389956;2354389958;
13798291;2354389958;2354389944;
13798291;2354389944;2354389953;
13798291;2354389953;2354389946;
13798291;2354389946;2354389945;
13798291;2354389945;2354389955;
13798291;2354389955;2354389948;
13798291;2354389948;2354389949;
13798291;2354389949;2354389950;
13798291;2354389950;128581928;
13798272;128594093;128606054;
13798272;128606054;128594096;
13798272;128594096;128594097;
13798272;128594097;128594098;
13798272;128594098;128594099;
13798272;128594099;128594102;
13798272;128594102;128594103;
13798272;128594103;128594106;
13798272;128594106;128594107;
13798272;128594107;128594109;
13798272;128594109;128594110;
13798272;128594110;128594112;
13798272;128594112;2490198489;
13798272;2490198489;3092764702;
13798272;3092764702;128579825;
13798575;128591054;128591056;
13798575;128591056;128591059;
13798575;128591059;128591062;
13798575;128591062;128591064;
13798575;128591064;128591066;
13798575;128591066;128591068;
13798575;128591068;128591070;
13798575;128591070;128591072;
13798575;128591072;128591075;
34798406;128581928;2490198491;
35078499;411504967;411504968;
35078499;411504968;411504969;
13798541;128583031;2490198483;
13798541;2490198483;128583033;
35078680;128597080;411504988;
35078680;411504988;411504967;
35078500;411504977;411504979;
35078500;411504979;420777494;
35078500;420777494;411504981;
35078500;411504981;411504984;
35078500;411504984;411504986;
35078500;411504986;411504987;
35078500;411504987;412249442;
35078500;412249442;2084090872;
35078500;2084090872;3554953622;
35078500;3554953622;411504967;
35105021;420777494;445439255;
35105021;445439255;445439258;
35105021;445439258;445439261;
35105021;445439261;1223751575;
35105021;1223751575;1223751631;
35105021;1223751631;445439265;
35105021;445439265;1223751606;
35105021;1223751606;420777495;
34777927;128581937;128586494;
34777927;128586494;128586496;
34777927;128586496;128586497;
34777927;128586497;128586498;
34777927;128586498;128586500;
34777927;128586500;128586501;
34777927;128586501;128591901;
34777927;128591901;128591902;
34777927;128591902;128591905;
34777927;128591905;1209790924;
35145272;412246602;412247985;
35145272;412247985;1223751669;
35145272;1223751669;1223751757;
35145272;1223751757;412247991;
35145272;412247991;1223751671;
35145272;1223751671;1223751572;
35145272;1223751572;412247996;
35145272;412247996;412248000;
35145272;412248000;412248004;
35145272;412248004;412248006;
35145272;412248006;412248011;
35145272;412248011;1223751610;
35145272;1223751610;412248019;
35145152;412249442;2072674371;
35145152;2072674371;2072674370;
35145152;2072674370;412249443;
35145152;412249443;412249444;
35145152;412249444;412249445;
35145152;412249445;412249446;
35145152;412249446;412246602;
106334856;1223751661;1223751647;
106334856;1223751647;1223751786;
106334856;1223751786;1223751699;
106334856;1223751699;1223751620;
106334856;1223751620;1223751586;
106334856;1223751586;1223751633;
106334856;1223751633;411504984;
34777947;128591075;128591076;
34777947;128591076;128591079;
34777947;128591079;128591080;
34777947;128591080;128586501;
196972618;2072674362;2072674364;
196972618;2072674364;2072674366;
196972619;2072674366;2072674367;
196972619;2072674367;2072674368;
196972619;2072674368;2072674369;
196972619;2072674369;2072674366;
196972617;412249443;2084090862;
196972617;2084090862;2072674362;
196972617;2072674362;2072674363;
198248589;412246602;2084090871;
198248589;2084090871;2084090873;
198248589;2084090873;2084090868;
198248589;2084090868;2084090869;
198248591;2084090870;2084090868;
241364281;2490198491;128581932;
13798192;128587416;128588840;
13798192;128588840;128588844;
13798192;128588844;128588845;
13798192;128588845;128588848;
13798192;128588848;128588850;
13798192;128588850;128588853;
13798192;128588853;128588856;
13798192;128588856;128588858;
349643961;412249445;3554953662;
349643961;3554953662;3554953664;
349643961;3554953664;3554953658;
349643961;3554953658;3554953660;
349643964;444011318;3554953652;
349643964;3554953652;3554953655;
349643964;3554953655;3554953659;
349643964;3554953659;2084090865;
349643964;2084090865;3554953665;
349643964;3554953665;3554953666;
106334867;1223751616;1223751661;
106334867;1223751661;1223751666;
106334867;1223751666;1223751590;
106334867;1223751590;1223751604;
106334867;1223751604;1223751652;
106334867;1223751652;1223751720;
106334867;1223751720;1223751632;
106334867;1223751632;1223751592;
106334867;1223751592;1223751728;
106334867;1223751728;1223751679;
106334867;1223751679;1223751766;
106334867;1223751766;1223751700;
106334867;1223751700;412249442;
106334864;1223751592;1223751807;
106334864;1223751807;1223751600;
106334864;1223751600;1223751605;
106334864;1223751605;1223751780;
106334864;1223751780;1223751578;
106334864;1223751578;1223751781;
106334864;1223751781;2084090866;
106334864;2084090866;2084090872;
406682433;411504968;4087312908;
411775062;435240906;435240914;
411775062;435240914;420776943;
411775062;420776943;432578781;
411775062;432578781;412249451;
411775062;412249451;2103272929;
411775062;2103272929;412248019;
411775062;412248019;412249450;
411775062;412249450;412249449;
411775062;412249449;412249448;
411775062;412249448;411504977;
411775062;411504977;2169094763;
411775062;2169094763;411504979;
411775062;411504979;420777494;
411775062;420777494;411504981;
411775062;411504981;411504984;
411775062;411504984;411504987;
411775062;411504987;412249442;
411775062;412249442;2084090872;
411775062;2084090872;411504967;
411775062;411504967;128597080;
411775062;128597080;411834915;
411775062;411834915;411834914;
411775062;411834914;416007714;
411775062;416007714;287458449;
411775062;287458449;2605287683;
411775062;2605287683;287458447;
411775062;287458447;2084091557;
411775062;2084091557;2084091553;
411775062;2084091553;2084091570;
411775062;2084091570;2084091574;
411775062;2084091574;4133824545;
411775062;4133824545;2084091552;
411775062;2084091552;2084091573;
411775062;2084091573;2084091561;
411775062;2084091561;2084091572;
411775062;2084091572;2084091576;
411775062;2084091576;2084091555;
411775062;2084091555;2084091573;
